Number of cells detected: 121
433 151
465 204
402 205
497 258
434 259
371 259
529 311
466 312
404 313
342 314
809 359
746 360
685 361
622 362
560 364
498 365
436 367
373 367
312 368
249 369
188 370
128 372
69 375
778 414
716 415
654 416
592 417
530 419
468 420
405 421
343 422
281 423
218 424
158 425
102 426
749 469
686 470
623 471
562 471
500 472
437 474
375 475
312 476
250 477
189 478
128 479
718 523
656 524
593 525
531 525
469 527
406 529
345 529
282 530
219 531
158 532
688 578
625 579
564 579
438 581
501 581
377 582
314 584
251 585
189 586
720 632
657 632
596 633
533 634
471 635
408 636
345 637
282 639
221 639
159 640
689 686
752 686
626 687
564 688
502 689
439 690
314 691
377 691
251 692
190 694
129 695
721 740
784 740
658 741
596 742
534 743
471 744
409 744
346 745
283 746
221 747
159 749
100 749
816 794
690 795
753 795
628 796
565 797
439 798
502 798
377 799
314 800
251 801
190 802
129 802
65 806
534 852
471 853
345 854
408 854
503 907
441 908
377 909
471 963
408 964
439 1019
