[(466, 254)]
[(438, 307), (498, 305)]
[(408, 360), (470, 359), (530, 357)]
[(382, 415), (442, 413), (501, 412), (562, 409)]
[(114, 478), (179, 476), (233, 472), (290, 470), (349, 468), (411, 467), (474, 465), (533, 463), (593, 460), (654, 458), (714, 456), (776, 454), (838, 452)]
[(148, 529), (207, 527), (266, 527), (326, 522), (386, 521), (445, 519), (504, 516), (564, 515), (625, 513), (686, 511), (746, 509), (808, 507)]
[(181, 580), (238, 579), (296, 577), (357, 574), (416, 573), (476, 570), (535, 568), (596, 567), (656, 565), (718, 563), (778, 560)]
[(206, 631), (268, 629), (325, 626), (387, 626), (447, 624), (507, 622), (567, 620), (628, 619), (688, 617), (750, 615)]
[(240, 683), (296, 680), (359, 681), (414, 677), (478, 676), (538, 675), (599, 673), (659, 672), (720, 669)]
[(208, 734), (270, 734), (323, 733), (389, 731), (449, 730), (510, 729), (569, 727), (630, 725), (691, 723), (752, 722)]
[(184, 788), (237, 788), (300, 785), (360, 785), (420, 784), (480, 783), (541, 782), (600, 779), (662, 778), (722, 777), (784, 776)]
[(158, 841), (214, 840), (271, 839), (333, 837), (391, 838), (450, 837), (511, 835), (571, 834), (632, 833), (692, 832), (755, 831), (816, 830)]
[(131, 893), (186, 893), (243, 892), (302, 892), (361, 892), (422, 890), (481, 889), (542, 888), (602, 887), (664, 887), (724, 886), (787, 886), (849, 885)]
[(392, 944), (453, 943), (512, 942), (573, 942)]
[(423, 997), (483, 997), (543, 996)]
[(454, 1051), (513, 1051)]
[(485, 1106)]
